# 09:00.0 (GA106, RTX 3050) config space, first 256 bytes, from `lspci -xxxx -s 09:00.0`
# on the target board under Linux + nvidia 610.57.04 (MSI enabled by that driver: address fee00000, data 0000).
00: de 10 07 25 07 04 10 00 a1 00 00 03 00 00 80 00
10: 00 00 00 f5 0c 00 00 00 7c 00 00 00 0c 00 00 00
20: 7e 00 00 00 01 e0 00 00 00 00 00 00 da 19 30 c6
30: 00 00 00 f6 60 00 00 00 00 00 00 00 ff 01 00 00
40: da 19 30 c6 00 00 00 00 00 00 00 00 00 00 00 00
50: 00 00 00 00 01 00 00 00 ce d6 23 00 00 00 00 00
60: 01 68 03 48 08 00 00 00 05 78 81 00 00 00 e0 fe
70: 00 00 00 00 00 00 00 00 10 b4 12 00 e1 8d 2c 11
80: 3f 29 00 00 03 3d 45 00 40 01 81 10 00 00 00 00
90: 00 00 00 00 00 00 00 00 00 00 00 00 13 08 07 00
a0: 00 04 00 00 1e 00 80 01 03 00 1f 00 00 00 00 00
b0: 00 00 00 00 09 00 14 01 01 00 13 0b 80 00 00 00
c0: 97 d9 c9 ec 00 00 00 00 11 00 05 00 00 00 b9 00
d0: 00 00 ba 00 00 00 00 00 00 00 00 00 00 00 00 00
e0: 00 00 00 00 00 00 00 00 00 00 00 00 00 00 00 00
f0: 00 00 00 00 00 00 00 00 00 00 00 00 00 00 00 00
