0 00000000
1 00000000
2 00000000
3 00000000
4 00000040
5 00000000
6 00000000
7 00000000
8 00000000
9 00000000
10 00000000
11 04000000
12 00000008
13 00000001
14 00000001
15 00000000
16 00000000
17 34040000
18 00200030
19 00010001
20 00020801
21 00000000
22 00000000
23 00000000
24 80042010
25 40880003
26 00004242
27 00000000
28 00000000
29 00000000
30 00000000
31 00000000
32 80040800
33 01000003
34 00000000
35 00000000
36 00000000
37 00000000
38 00000000
39 00000000
40 00000000
41 00000000
42 00000000
43 00000000
44 00000000
45 00000000
46 00000000
47 00000000
48 80040000
49 00000003
50 00000000
51 00000000
52 00000000
53 00000000
54 00000000
55 00000000
56 00000000
57 00000000
58 00000000
59 00000000
60 00000000
61 00000000
62 00000000
63 00000000
